Locations=8;
tl=[59 28 43 11 44 21 15];
Window=[ [152 197]  [517 551]  [374 395]  [324 338]  [269 313]  [493 527]  [610 636] ];
dist=[
	[0 408 666 581 272 970 455 527]
	[408 0 280 544 959 322 932 53]
	[666 280 0 463 297 488 514 349]
	[581 544 463 0 692 58 547 846]
	[272 959 297 692 0 617 377 40]
	[970 322 488 58 617 0 845 467]
	[455 932 514 547 377 845 0 259]
	[527 53 349 846 40 467 259 0]
];
